L shoulder	319.6498	396.805	-258.8896	321.0019	397.3426	-176.0038	320.2528	397.0851	-224.1723	1.352081	0.5376282	82.88588
L Elbow	380.8497	11.20775	-52.51232	382.7736	16.70547	86.27946	382.2144	14.1893	11.81596	1.92392	5.497713	138.7918
L Wrist	405.7078	-351.6171	-555.8976	406.7272	-344.3032	-355.1696	406.2588	-347.371	-479.3783	1.019409	7.313904	200.728
R shoulder	-160.3583	392.2845	-333.3811	-159.38	393.5875	-277.7756	-159.9309	392.8271	-296.2268	0.9782562	1.302948	55.60547
R Elbow	-215.0797	7.789502	-363.7294	-213.962	9.100699	-191.7539	-214.6944	8.601431	-243.6121	1.117676	1.311197	171.9755
R Wrist	-198.9477	-338.1458	-955.4043	-197.2825	-330.5492	-633.476	-197.7556	-334.6305	-745.3105	1.665222	7.596649	321.9283
L Hip	237.7716	-359.8436	6.84953	240.0694	-355.1569	31.48953	239.0331	-357.0158	19.25146	2.297821	4.686707	24.64
L Knee	247.4394	-836.9796	-221.4301	257.6767	-827.2842	-165.6188	253.4112	-830.7737	-198.0297	10.23735	9.695435	55.81136
L Ankle	230.4039	-1322.187	1080.21	242.6753	-1255.403	1397.456	235.6487	-1285.622	1263.599	12.27145	66.78369	317.2458
R Hip	-57.82523	-362.2951	-30.20508	-56.99178	-358.3395	-5.764729	-57.42294	-359.7502	-17.98187	0.8334541	3.955536	24.44036
R Knee	-74.93766	-849.989	-114.137	-61.77625	-834.7023	57.07044	-68.24854	-841.4124	-47.92557	13.16142	15.28674	171.2075
R Ankle	-44.56721	-1327.883	1199.522	-7.33378	-1265.506	1344.769	-21.50123	-1294.026	1276.685	37.23343	62.37671	145.2469
---------------------------------------------
L shoulder	327.8756	387.8621	-473.7805	329.5471	389.5379	-348.032	328.7323	388.6908	-398.0465	1.671539	1.675842	125.7485
L Elbow	391.2748	17.28532	-389.7873	396.8559	22.98067	-194.9163	394.7252	20.06658	-304.4075	5.581085	5.695351	194.871
L Wrist	414.2058	-349.909	-949.7523	417.0464	-339.9302	-528.3929	415.711	-344.7191	-763.1842	2.840546	9.97879	421.3593
R shoulder	-182.0982	412.5622	-269.3681	-176.9711	415.0357	-47.62072	-180.9919	413.9913	-151.152	5.12706	2.473541	221.7474
R Elbow	-578.8831	383.5573	-100.9759	-573.1508	390.4575	91.39088	-575.7787	387.9125	4.702525	5.732361	6.900208	192.3668
R Wrist	-950.5049	401.8726	-353.8438	-941.1758	409.1115	-131.3411	-946.0154	405.2856	-241.0615	9.329041	7.238861	222.5027
L Hip	243.1183	-377.3335	-39.1128	248.5319	-366.1096	-22.40855	246.9143	-370.1565	-30.25883	5.413605	11.22391	16.70425
L Knee	256.4941	-861.5662	-324.2377	268.6966	-832.194	-194.7924	261.8289	-842.7874	-243.9111	12.20245	29.37219	129.4453
L Ankle	217.4401	-1354.2	1036.038	259.888	-1059.564	1686.292	242.0149	-1248.122	1316.769	42.44786	294.6357	650.2548
R Hip	-50.0999	-380.3926	23.10793	-46.23719	-368.932	39.27898	-47.45638	-373.4761	30.72091	3.862713	11.46057	16.17105
R Knee	-90.59859	-963.2864	-194.2914	-62.59664	-850.8159	-79.59827	-77.91019	-873.5999	-148.1773	28.00195	112.4705	114.6931
R Ankle	-39.4753	-1370.175	1067.689	-2.891438	-1101.194	1502.622	-22.63701	-1294.316	1262.398	36.58386	268.9807	434.9332
---------------------------------------------
L shoulder	272.9004	475.3168	-237.4368	283.9626	482.6787	-158.4905	279.066	479.8834	-202.9255	11.06223	7.361908	78.94637
L Elbow	606.3968	546.6461	-987.3913	615.6228	557.4374	-559.7781	611.4432	550.0622	-804.5199	9.226013	10.79126	427.6132
L Wrist	224.9584	575.276	-1688.89	257.6144	585.7128	-862.8856	242.7489	580.4966	-1329.435	32.65605	10.43677	826.0044
R shoulder	-176.653	390.1372	-277.531	-170.3569	398.3196	-121.2779	-173.2914	395.39	-183.0506	6.296127	8.182373	156.2531
R Elbow	-235.4018	17.34701	-97.1645	-234.1167	27.60197	59.61639	-234.7105	24.7172	-2.271	1.285049	10.25496	156.7809
R Wrist	-224.735	-330.3294	-228.6134	-221.6914	-324.5459	-37.57167	-223.5481	-326.4409	-118.5105	3.043625	5.783478	191.0418
L Hip	236.2725	-335.215	0.2414016	246.489	-320.3639	33.12704	241.0504	-329.722	11.18706	10.21645	14.85107	32.88564
L Knee	236.3531	-818.8069	-161.0123	248.0201	-794.4364	-57.33813	243.3637	-805.7678	-112.0672	11.66702	24.37048	103.6742
L Ankle	197.5913	-1316.179	1173.652	231.3763	-1147.074	1540.353	212.1359	-1215.024	1391.104	33.78493	169.1047	366.7013
R Hip	-49.57146	-343.3699	-31.78133	-44.13622	-329.9352	0.9491695	-47.05814	-337.3554	-10.08774	5.435246	13.43475	32.7305
R Knee	-101.4907	-841.4115	-192.9938	-77.84281	-824.507	-4.099842	-91.61826	-832.1599	-84.1376	23.64791	16.90454	188.8939
R Ankle	-55.89965	-1320.978	999.1301	-24.47456	-1194.552	1332.905	-45.56119	-1247.381	1187.459	31.42509	126.4266	333.7746
---------------------------------------------
L shoulder	273.6397	454.643	-680.3251	280.8549	459.624	-294.9872	277.5156	457.165	-533.9268	7.215179	4.980957	385.338
L Elbow	577.577	562.7415	-1729.892	590.6714	570.3283	-1198.873	584.0323	567.5206	-1530.185	13.09448	7.586853	531.0189
L Wrist	210.1638	553.05	-2770.776	231.828	561.9532	-2108.225	222.5591	557.6161	-2526.112	21.66415	8.903198	662.551
R shoulder	-195.8373	420.3142	-236.6187	-183.3023	425.5374	52.03901	-190.4247	422.9671	-125.8402	12.53506	5.223175	288.6577
R Elbow	-573.1598	420.0577	-124.3794	-555.7279	425.9957	164.7653	-565.278	423.7018	-12.12096	17.43188	5.937958	289.1447
R Wrist	-941.418	456.1979	-456.6875	-919.5018	460.6177	-172.2167	-927.7565	457.8537	-342.8074	21.9162	4.419739	284.4709
L Hip	233.5592	-348.5337	-100.1444	242.7641	-333.3855	-75.30008	238.0105	-340.4055	-85.67252	9.204895	15.14825	24.84435
L Knee	227.7782	-808.8475	-420.3871	242.7477	-785.0653	-266.7795	235.4793	-799.1292	-330.1811	14.9695	23.78217	153.6075
L Ankle	168.1745	-1208.969	973.6377	223.2314	-754.7349	1659.571	195.1008	-1081.817	1306.353	55.05687	454.2346	685.9336
R Hip	-40.8357	-351.5963	75.89826	-34.03949	-338.3078	100.814	-37.13454	-344.2523	86.25687	6.796207	13.28854	24.91576
R Knee	-98.50557	-840.5387	-193.6451	-82.19806	-812.6323	-40.03996	-91.72894	-828.6866	-120.1547	16.30751	27.90637	153.6051
R Ankle	-69.31592	-1239.895	950.8646	-13.45254	-911.0223	1545.453	-53.4868	-1118.486	1227.726	55.86338	328.8723	594.5884
---------------------------------------------
L shoulder	231.1088	497.6393	-496.2324	247.3428	504.4424	-342.7365	241.2208	501.4293	-417.2224	16.23395	6.803131	153.4959
L Elbow	148.9902	538.2906	-1404.696	169.8418	560.0881	-1241.863	161.6579	545.9112	-1318.523	20.85159	21.79749	162.8325
L Wrist	-308.292	550.4385	-2158.335	-291.4948	559.7843	-1905.745	-300.1255	553.9131	-2027.819	16.79724	9.345825	252.5898
R shoulder	-202.8614	404.5652	131.5446	-182.6923	417.7368	305.1617	-193.044	409.8398	235.6924	20.1691	13.1716	173.6171
R Elbow	-580.5666	426.5086	192.8104	-553.679	438.1073	450.7013	-566.376	433.1169	338.6878	26.88763	11.59869	257.8909
R Wrist	-960.6831	481.8739	-254.018	-930.8506	489.2605	108.4685	-945.8206	484.7379	-27.44625	29.83246	7.386566	362.4865
L Hip	231.3667	-323.1935	-112.2611	238.509	-312.8242	-90.64744	234.8203	-316.6412	-100.3001	7.142258	10.36926	21.61371
L Knee	257.3336	-792.4798	-531.0938	276.8786	-771.2739	-339.1964	263.5089	-784.6345	-440.6837	19.54501	21.20587	191.8974
L Ankle	178.2588	-1103.349	1115.028	215.2634	-692.7661	1691.746	203.3555	-945.5349	1449.919	37.00459	410.5824	576.718
R Hip	-40.12207	-343.1831	90.50902	-31.90001	-329.8255	112.3914	-35.54356	-334.4435	100.4156	8.222061	13.35757	21.88241
R Knee	-70.0453	-830.8796	-192.0764	-55.61963	-804.9677	-19.85383	-62.48186	-819.197	-97.82179	14.42567	25.91187	172.2226
R Ankle	-40.53031	-1161.153	1116.961	1.248406	-724.1559	1671.147	-27.61583	-1007.114	1393.985	41.77871	436.9969	554.1868
---------------------------------------------
L shoulder	258.5299	409.6841	-392.7904	260.4764	411.1674	-269.0511	259.6948	410.6522	-323.7894	1.946472	1.483337	123.7393
L Elbow	501.9197	281.1909	-1134.998	504.3556	282.4198	-1055.034	502.5811	281.9393	-1095.138	2.435822	1.228912	79.96375
L Wrist	419.2802	554.1931	-2187.141	421.4298	556.689	-2113.916	420.2807	555.5638	-2148.772	2.149536	2.495911	73.22534
R shoulder	-207.9404	421.9631	-271.8334	-206.5464	422.9207	-82.99889	-207.1782	422.5497	-165.8992	1.393967	0.95755	188.8345
R Elbow	-577.9933	444.3334	-222.1997	-570.1484	445.2328	1.964807	-574.3388	444.9611	-93.54568	7.84491	0.8993835	224.1645
R Wrist	-937.6488	512.2551	-465.9333	-936.7438	513.1707	-187.7213	-937.0964	512.6573	-316.2457	0.9049683	0.9155884	278.212
L Hip	216.4843	-318.3423	-70.43166	217.6809	-314.3659	-50.61324	217.3249	-316.501	-59.07325	1.196564	3.97641	19.81843
L Knee	228.007	-787.0071	-264.3146	234.8857	-773.6099	-96.51163	230.1705	-780.8684	-200.2728	6.878723	13.39728	167.803
L Ankle	160.1908	-1107.532	1269.742	175.3862	-631.3379	1735.42	168.272	-823.5532	1546.508	15.19534	476.1942	465.6774
R Hip	-59.79762	-332.0698	50.92841	-59.07811	-328.8154	70.91099	-59.57123	-330.072	59.55261	0.7195053	3.254333	19.98257
R Knee	-94.93277	-816.7894	-144.3815	-87.66688	-807.7528	-59.6949	-90.05041	-812.1299	-101.3409	7.265892	9.03656	84.6866
R Ankle	-33.14664	-1142.207	1088.313	-21.64728	-698.9372	1639.362	-28.52206	-861.4158	1425.452	11.49936	443.27	551.0498
---------------------------------------------
